0.0	2.86660986273381
0.1	2.86640029288491
0.2	2.86577167015454
0.3	2.86472425493548
0.4	2.86325848102821
0.5	2.86137495535978
0.6	2.85907445759067
0.7	2.8563579396099
0.8	2.85322652491862
0.9	2.84968150790315
1.0	2.84572435299754
1.1	2.84135669373687
1.2	2.83658033170166
1.3	2.83139723535461
1.4	2.82580953877036
1.5	2.81981954025973
1.6	2.81342970088903
1.7	2.80664264289628
1.8	2.79946114800532
1.9	2.79188815563925
2.0	2.78392676103483
2.1	2.7755802132593
2.2	2.76685191313138
2.3	2.7577454110481
2.4	2.7482644047193
2.5	2.7384127368117
2.6	2.72819439250461
2.7	2.71761349695906
2.8	2.70667431270273
2.9	2.69538123693265
3.0	2.68373879873797
3.1	2.67175165624529
3.2	2.65942459368841
3.3	2.64676251840556
3.4	2.63377045776605
3.5	2.62045355602914
3.6	2.60681707113775
3.7	2.59286637144928
3.8	2.57860693240668
3.9	2.56404433315223
4.0	2.54918425308665
4.1	2.53403246837675
4.2	2.51859484841397
4.3	2.50287735222702
4.4	2.48688602485136
4.5	2.47062699365839
4.6	2.4541064646475
4.7	2.43733071870365
4.8	2.42030610782365
4.9	2.40303905131413
5.0	2.38553603196416
5.1	2.36780359219545
5.2	2.3498483301934
5.3	2.33167689602171
5.4	2.31329598772387
5.5	2.29471234741433
5.6	2.27593275736251
5.7	2.2569640360727
5.8	2.23781303436254
5.9	2.2184866314436
6.0	2.19899173100652
6.1	2.17933525731403
6.2	2.15952415130448
6.3	2.13956536670916
6.4	2.11946586618588
6.5	2.09923261747209
6.6	2.07887258955991
6.7	2.05839274889628
6.8	2.03780005561073
6.9	2.01710145977355
7.0	1.99630389768703
7.1	1.97541428821245
7.2	1.95443952913528
7.3	1.93338649357122
7.4	1.91226202641561
7.5	1.89107294083847
7.6	1.86982601482771
7.7	1.84852798778272
7.8	1.82718555716067
7.9	1.80580537517772
8.0	1.78439404556719
8.1	1.76295812039682
8.2	1.74150409694731
8.3	1.72003841465357
8.4	1.69856745211122
8.5	1.67709752414967
8.6	1.65563487897356
8.7	1.63418569537453
8.8	1.61275608001446
8.9	1.59135206478213
9.0	1.56997960422435
9.1	1.54864457305322
9.2	1.52735276373062
9.3	1.50610988413123
9.4	1.48492155528512
9.5	1.46379330920108
9.6	1.44273058677149
9.7	1.42173873575989
9.8	1.40082300887162
9.9	1.37998856190878
10.0	1.35924045200974
10.1	1.33858363597398
10.2	1.31802296867267
10.3	1.29756320154547
10.4	1.27720898118368
10.5	1.25696484800037
10.6	1.23683523498714
10.7	1.21682446655808
10.8	1.19693675748065
10.9	1.17717621189348
11.0	1.15754682241102
11.1	1.13805246931464
11.2	1.11869691983019
11.3	1.09948382749129
11.4	1.08041673158814
11.5	1.06149905670125
11.6	1.04273411231963
11.7	1.02412509254247
11.8	1.00567507586398
11.9	0.987387025040312
12.0	0.969263787037806
12.1	0.951308093061638
12.2	0.933522558663904
12.3	0.915909683929988
12.4	0.898471853742253
12.5	0.881211338119794
12.6	0.86413029263304
12.7	0.847230758891969
12.8	0.830514665106569
12.9	0.813983826718178
13.0	0.797639947100308
13.1	0.781484618327396
13.2	0.765519322010082
13.3	0.749745430195304
13.4	0.734164206329779
13.5	0.71877680628506
13.6	0.703584279442631
13.7	0.688587569837192
13.8	0.673787517356553
13.9	0.659184858996179
14.0	0.644780230166745
14.1	0.630574166052748
14.2	0.616567103020418
14.3	0.602759380072977
14.4	0.589151240351394
14.5	0.575742832678738
14.6	0.562534213146147
14.7	0.549525346738525
14.8	0.536716108997999
14.9	0.524106287723195
15.0	0.511695584702309
15.1	0.499483617478085
15.2	0.487469921142676
15.3	0.47565395016045
15.4	0.464035080216711
15.5	0.452612610090461
15.6	0.441385763549175
15.7	0.430353691263651
15.8	0.41951547274101
15.9	0.408870118273913
16.0	0.398416570904083
16.1	0.388153708398181
16.2	0.378080345234264
16.3	0.368195234596842
16.4	0.358497070378764
16.5	0.348984489188105
16.6	0.339656072358225
16.7	0.330510347959274
16.8	0.321545792809363
16.9	0.312760834483723
17.0	0.304153853320127
17.1	0.295723184418962
17.2	0.287467119636309
17.3	0.279383909568451
17.4	0.27147176552626
17.5	0.263728861497964
17.6	0.25615333609877
17.7	0.248743294505983
17.8	0.241496810378141
17.9	0.234411927756885
18.0	0.227486662950168
18.1	0.220719006395617
18.2	0.214106924502731
18.3	0.207648361472799
18.4	0.201341241095341
18.5	0.19518346852001
18.6	0.189172932002869
18.7	0.183307504626071
18.8	0.177585045989937
18.9	0.172003403876553
19.0	0.166560415883989
19.1	0.161253911030327
19.2	0.156081711326728
19.3	0.151041633318784
19.4	0.146131489595493
19.5	0.141349090265213
19.6	0.136692244397993
19.7	0.132158761433755
19.8	0.127746452555807
19.9	0.123453132029253
20.0	0.119276618503882
20.1	0.115214736281163
20.2	0.111265316545058
20.3	0.107426198556345
20.4	0.103695230810242
20.5	0.100070272157138
20.6	0.0965491928862778
20.7	0.0931298757723159
20.8	0.0898102170846593
20.9	0.0865881275595806
21.0	0.0834615333351269
21.1	0.0804283768488713
21.2	0.077486617698602
21.3	0.0746342334660841
21.4	0.0718692205040549
21.5	0.0691895946866574
21.6	0.0665933921235436
21.7	0.0640786698379262
21.8	0.0616435064088609
21.9	0.0592860025781112
22.0	0.057004281821942
22.1	0.0547964908882394
22.2	0.052660800299373
22.3	0.0505954048212429
22.4	0.0485985238989859
22.5	0.046668402059831
22.6	0.0448033092836237
22.7	0.043001541341556
22.8	0.0412614201036683
22.9	0.0395812938156952
23.0	0.0379595373458608
23.1	0.0363945524022323
23.2	0.0348847677212731
23.3	0.0334286392282334
23.4	0.0320246501700427
23.5	0.0306713112213816
23.6	0.0293671605646107
23.7	0.0281107639442582
23.8	0.0269007146967694
23.9	0.0257356337562285
24.0	0.0246141696367778
24.1	0.0235349983924562
24.2	0.0224968235551906
24.3	0.021498376051675
24.4	0.0205384140998729
24.5	0.0196157230858877
24.6	0.0187291154219356
24.7	0.0178774303861672
24.8	0.017059533945074
24.9	0.0162743185592174
25.0	0.0155207029730178
25.1	0.0147976319893317
25.2	0.0141040762295444
25.3	0.013439031879901
25.4	0.0128015204247875
25.5	0.0121905883676732
25.6	0.0116053069404135
25.7	0.0110447718016052
25.8	0.0105081027246775
25.9	0.00999444327639278
26.0	0.00950296048641995
26.1	0.00903284450863325
26.2	0.00858330827477734
26.3	0.00815358714112858
26.4	0.00774293852876796
26.5	0.00735064155807251
26.6	0.00697599667801343
26.7	0.00661832529084011
26.8	0.00627696937271222
26.9	0.00595129109083078
27.0	0.00564067241760041
27.1	0.00534451474234461
27.2	0.0050622384810777
27.3	0.00479328268482282
27.4	0.00453710464695033
27.5	0.00429317950999476
27.6	0.00406099987239274
27.7	0.00384007539556912
27.8	0.00362993241178198
27.9	0.00343011353312131
28.0	0.00324017726204113
28.1	0.00305969760378753
28.2	0.00288826368107032
28.3	0.00272547935130962
28.4	0.00257096282677312
28.5	0.00242434629790428
28.6	0.00228527556012574
28.7	0.0021534096443876
28.8	0.00202842045171408
28.9	0.00190999239198807
29.0	0.0017978220271974
29.1	0.00169161771935272
29.2	0.00159109928327189
29.3	0.00149599764441241
29.4	0.00140605450191884
29.5	0.00132102199703909
29.6	0.0012406623870499
29.7	0.00116474772481912
29.8	0.00109305954411926
29.9	0.00102538855079507
30.0	0.000961534319875246
30.1	0.000901304998707157
30.2	0.000844517016181895
30.3	0.000790994798105939
30.4	0.00074057048876532
30.5	0.000693083678717632
30.6	0.000648381138837511
30.7	0.00060631656063153
30.8	0.000566750302829385
30.9	0.00052954914424933
31.0	0.000494586042927632
31.1	0.000461739901493293
31.2	0.000430895338762154
31.3	0.000401942467516725
31.4	0.000374776678431342
31.5	0.000349298430095655
31.6	0.000325413045083143
31.7	0.000303030512005483
31.8	0.000282065293488227
31.9	0.000262436139997777
32.0	0.00024406590944516
32.1	0.000226881392487349
32.2	0.000210813143442772
32.3	0.000195795316733944
32.4	0.000181765508766436
32.5	0.000168664605150305
32.6	0.000156436633167196
32.7	0.00014502861938361
32.8	0.000134390452308642
32.9	0.000124474749992289
33.0	0.000115236732458773
33.1	0.000106634098867693
33.2	9.86269092946146e-05
33.3	9.11774710216172e-05
33.4	8.42502292275649e-05
33.5	7.78116619672476e-05
33.6	7.1830179328198e-05
33.7	6.62760266538129e-05
33.8	6.11211917214514e-05
33.9	5.6339315764409e-05
34.0	5.19056082270336e-05
34.1	4.77967651428576e-05
34.2	4.39908910262845e-05
34.3	4.04674241693032e-05
34.4	3.72070652356522e-05
34.5	3.41917090460406e-05
34.6	3.14043794492658e-05
34.7	2.882916717547e-05
34.8	2.64511705692266e-05
34.9	2.42564391017616e-05
35.0	2.22319195632509e-05
35.1	2.0365404837898e-05
35.2	1.86454851663136e-05
35.3	1.70615018016016e-05
35.4	1.56035029675043e-05
35.5	1.42622020289521e-05
35.6	1.30289377874048e-05
35.7	1.18956368154513e-05
35.8	1.08547777472426e-05
35.9	9.89935744347062e-06
36.0	9.02285895176032e-06
36.1	8.21922118551879e-06
36.2	7.4828102464549e-06
36.3	6.80839231817926e-06
36.4	6.19110806047016e-06
36.5	5.62644843597448e-06
36.6	5.11023190328121e-06
36.7	4.63858291246271e-06
36.8	4.20791164131958e-06
36.9	3.81489491268419e-06
37.0	3.45645823523383e-06
37.1	3.12975891233761e-06
37.2	2.83217016549643e-06
37.3	2.56126622094953e-06
37.4	2.3148083099918e-06
37.5	2.09073153548627e-06
37.6	1.88713255895622e-06
37.7	1.70225806450063e-06
37.8	1.53449395759681e-06
37.9	1.3823552586296e-06
38.0	1.24447665271912e-06
38.1	1.11960365910745e-06
38.2	1.00658438500566e-06
38.3	9.04361830400096e-07
38.4	8.11966711865419e-07
38.5	7.285107749348e-07
38.6	6.53180566033289e-07
38.7	5.85231636388507e-07
38.8	5.23983151694013e-07
38.9	4.68812882615094e-07
39.0	4.19152552494212e-07
39.1	3.7448351983475e-07
39.2	3.34332774317204e-07
39.3	2.9826922623226e-07
39.4	2.6590027030102e-07
39.5	2.36868605894259e-07
39.6	2.10849296661471e-07
39.7	1.87547053536829e-07
39.8	1.66693726004077e-07
39.9	1.48045987377142e-07
40.0	1.31383200688084e-07
40.1	1.16505452570654e-07
40.2	1.03231743286821e-07
40.3	9.13983217662889e-08
40.4	8.08571552163769e-08
40.5	7.14745235128548e-08
40.6	6.31297292022762e-08
40.7	5.57139145344315e-08
40.8	4.91289775006308e-08
40.9	4.32865793809389e-08
41.0	3.81072368021508e-08
41.1	3.35194917794524e-08
41.2	2.94591536594006e-08
41.3	2.58686073011674e-08
41.4	2.2696182227977e-08
41.5	1.98955778524326e-08
41.6	1.74253402289203e-08
41.7	1.52483861146058e-08
41.8	1.33315704285956e-08
41.9	1.16452934876806e-08
42.0	1.01631446675645e-08
42.1	8.86157939159638e-09
42.2	7.71962658561309e-09
42.3	6.71862395843173e-09
42.4	5.84197867365341e-09
42.5	5.07495117054782e-09
42.6	4.4044600706446e-09
42.7	3.81890627303934e-09
42.8	3.30801449601985e-09
42.9	2.86269066613464e-09
43.0	2.47489368892385e-09
43.1	2.1375202588339e-09
43.2	1.84430147995969e-09
43.3	1.58971017476585e-09
43.4	1.36887785539249e-09
43.5	1.17752042206515e-09
43.6	1.01187173600666e-09
43.7	8.6862429055859e-10
43.8	7.44876274410757e-10
43.9	6.38084385330687e-10
44.0	5.46021811982709e-10
44.1	4.6674085570329e-10
44.2	3.98539713814376e-10
44.3	3.39932991541169e-10
44.4	2.89625551173062e-10
44.5	2.46489345059552e-10
44.6	2.0954291364519e-10
44.7	1.77933261278026e-10
44.8	1.50919851217552e-10
44.9	1.2786048734681e-10
45.0	1.08198873771289e-10
45.1	9.14536649605767e-11
45.2	7.72088385411039e-11
45.3	6.51052404494643e-11
45.4	5.48331680638973e-11
45.5	4.61258712924866e-11
45.6	3.8753864545988e-11
45.7	3.25199541859424e-11
45.8	2.72548965302688e-11
45.9	2.28136109252304e-11
46.0	1.90718808524424e-11
46.1	1.59234836224701e-11
46.2	1.32776959951147e-11
46.3	1.10571291364992e-11
46.4	9.19585174387256e-12
46.5	7.63776500405124e-12
46.6	6.33519735850001e-12
46.7	5.24769088002485e-12
46.8	4.34095447094042e-12
46.9	3.58596211413054e-12
47.0	2.95817708629186e-12
47.1	2.43688541285443e-12
47.2	2.00462393918563e-12
47.3	1.6466902421738e-12
47.4	1.35072323677361e-12
47.5	1.10634476756503e-12
47.6	9.04853737436639e-13
47.7	7.38965433585845e-13
47.8	6.02589682563687e-13
47.9	4.90642316727469e-13
48.0	3.98885178191809e-13
48.1	3.23790535703794e-13
48.2	2.62426355979451e-13
48.3	2.12359363879993e-13
48.4	1.71573254236662e-13
48.5	1.38399790022507e-13
48.6	1.11460843902444e-13
48.7	8.96197191547434e-14
48.8	7.19403270198989e-14
48.9	5.76530055281952e-14
49.0	4.61259440456107e-14
49.1	3.68413319097541e-14
49.2	2.93754818994963e-14
49.3	2.33822927866256e-14
49.4	1.85795123894634e-14
49.5	1.47373456035132e-14
49.6	1.1669022758522e-14
49.7	9.22300403224883e-15
49.8	7.27654700737076e-15
49.9	5.73040806537723e-15
50.0	4.50448527679076e-15
50.1	3.53424172901724e-15
50.2	2.76777466001374e-15
50.3	2.16341805262375e-15
50.4	1.68778510664221e-15
50.5	1.31417277292085e-15
50.6	1.02126376055898e-15
50.7	7.92072503829766e-16
50.8	6.13090832954461e-16
50.9	4.7359681642423e-16
51.0	3.65096674485695e-16
51.1	2.80875009645286e-16
51.2	2.15633035467424e-16
51.3	1.65198157690837e-16
51.4	1.26291297045837e-16
51.5	9.63408468537038e-17
51.6	7.33342195901325e-17
51.7	5.56996299684907e-17
51.8	4.22121505603222e-17
51.9	3.1919212116201e-17
52.0	2.40816485269089e-17
52.1	1.81271424209221e-17
52.2	1.36135422249134e-17
52.3	1.02000204434916e-17
52.4	7.62444692738836e-18
52.5	5.68567734740321e-18
52.6	4.22972029155536e-18
52.7	3.13895814199349e-18
52.8	2.3237668491634e-18
52.9	1.71601584012364e-18
53.0	1.26403806645922e-18
53.1	9.2874691114619e-19
53.2	6.80645644556111e-19
53.3	4.97529849450111e-19
53.4	3.62726560928475e-19
53.5	2.63748083770261e-19
53.6	1.91265406377521e-19
53.7	1.38327315937164e-19
53.8	9.97679278829722e-20
53.9	7.17583305269787e-20
54.0	5.14681764730553e-20
54.1	3.68109344197976e-20
54.2	2.62526315196034e-20
54.3	1.86686506134709e-20
54.4	1.32368011663569e-20
54.5	9.35769627037185e-21
54.6	6.59562833247428e-21
54.7	4.63479018227547e-21
54.8	3.2469514090332e-21
54.9	2.2676615175735e-21
55.0	1.57878178264544e-21
55.1	1.09570061390942e-21
55.2	7.5800468274096e-22
55.3	5.22692288753389e-22
55.4	3.59251278816592e-22
55.5	2.46100302190084e-22
55.6	1.68023836022334e-22
55.7	1.14329329010095e-22
55.8	7.75274077305271e-23
55.9	5.23897475979854e-23
56.0	3.52787439415568e-23
56.1	2.36721527916346e-23
56.2	1.58271249849971e-23
56.3	1.05435649076622e-23
56.4	6.99802264948292e-24
56.5	4.6275019605083e-24
56.6	3.0484703092617e-24
56.7	2.0006071573416e-24
56.8	1.30787507011245e-24
56.9	8.5167736037853e-25
57.0	5.5241802157734e-25
57.1	3.56881184543796e-25
57.2	2.29626184500784e-25
57.3	1.47143016130448e-25
57.4	9.3898055180853e-26
57.5	5.96691863678614e-26
57.6	3.77570230012545e-26
57.7	2.37890264223809e-26
57.8	1.49232604763302e-26
57.9	9.32041748278868e-27
58.0	5.79519039403408e-27
58.1	3.58704209731506e-27
58.2	2.21012584471471e-27
58.3	1.35545233702517e-27
58.4	8.27394771727981e-28
58.5	5.02662768919694e-28
58.6	3.03913386853639e-28
58.7	1.82854403876252e-28
58.8	1.09475362304428e-28
58.9	6.52161540764048e-29
59.0	3.86539438209626e-29
59.1	2.27931226066406e-29
59.2	1.33707670373935e-29
59.3	7.80228692221737e-30
59.4	4.52867078386463e-30
59.5	2.61440262004962e-30
59.6	1.50105368194054e-30
59.7	8.57058862736399e-31
59.8	4.86613178064311e-31
59.9	2.74715686074571e-31
60.0	1.54197194443117e-31
60.1	8.60457453778063e-32
60.2	4.77318398975318e-32
60.3	2.6319531222848e-32
60.4	1.4424610453009e-32
60.5	7.85688102965749e-33
60.6	4.25284897125454e-33
60.7	2.28747512364499e-33
60.8	1.22247992725029e-33
60.9	6.49079186603264e-34
61.0	3.42361726894612e-34
61.1	1.79376119755923e-34
61.2	9.33459664532913e-35
61.3	4.82432903227382e-35
61.4	2.47597875787896e-35
61.5	1.26177815008747e-35
61.6	6.38413258127188e-36
61.7	3.20670896603234e-36
61.8	1.59886248345352e-36
61.9	7.91244966474103e-37
62.0	3.88608806808522e-37
62.1	1.89395153210127e-37
62.2	9.15865055230035e-38
62.3	4.39391360767606e-38
62.4	2.09112038933329e-38
62.5	9.87104768819133e-39
62.6	4.62117502194258e-39
62.7	2.1453287460942e-39
62.8	9.87492709250968e-40
62.9	4.50627722638277e-40
63.0	2.0384037698975e-40
63.1	9.13890414041108e-41
63.2	4.06042853310799e-41
63.3	1.78757642158806e-41
63.4	7.79672848269337e-42
63.5	3.36863661030086e-42
63.6	1.44154311060292e-42
63.7	6.10898968997338e-43
63.8	2.56339063351904e-43
63.9	1.06487333846492e-43
64.0	4.37876582757452e-44
64.1	1.78199975489929e-44
64.2	7.17622308571941e-45
64.3	2.85920602917076e-45
64.4	1.12689555220951e-45
64.5	4.39275126407495e-46
64.6	1.69328037446896e-46
64.7	6.45332502930555e-47
64.8	2.43120826934114e-47
64.9	9.05242096144277e-48
65.0	3.33065508233428e-48
65.1	1.21069198229156e-48
65.2	4.34702186487154e-49
65.3	1.5414075306206e-49
65.4	5.39662446703297e-50
65.5	1.86515855817868e-50
65.6	6.36218171668695e-51
65.7	2.14140666440976e-51
65.8	7.11048245971199e-52
65.9	2.32866975909959e-52
66.0	7.52013578974997e-53
66.1	2.39414440929987e-53
66.2	7.51238209875015e-54
66.3	2.32274345677945e-54
66.4	7.07477112087635e-55
66.5	2.12226749379499e-55
66.6	6.26831853404935e-56
66.7	1.82242385582278e-56
66.8	5.21406947579752e-57
66.9	1.46761602882075e-57
67.0	4.06286861927968e-58
67.1	1.10588915079723e-58
67.2	2.95882932725909e-59
67.3	7.77903803845991e-60
67.4	2.00906866572969e-60
67.5	5.09552351423195e-61
67.6	1.26872396238641e-61
67.7	3.10017186288956e-62
67.8	7.4318585560587e-63
67.9	1.74723588522855e-63
68.0	4.0271152449857e-64
68.1	9.09635570513703e-65
68.2	2.01284575407666e-65
68.3	4.36172564010354e-66
68.4	9.25214129816685e-67
68.5	1.92039062331425e-67
68.6	3.89873399239959e-68
68.7	7.73861930647568e-69
68.8	1.50114995305106e-69
68.9	2.84456496723383e-70
69.0	5.26313813132319e-71
69.1	9.50412418152206e-72
69.2	1.67422708088816e-72
69.3	2.87569700465197e-73
69.4	4.81376511076773e-74
69.5	7.84911978398318e-75
69.6	1.24602633594856e-75
69.7	1.92474884233546e-76
69.8	2.89151981600545e-77
69.9	4.22223450456787e-78
70.0	5.98929033478291e-79
70.1	8.24843884925109e-80
70.2	1.10222853679121e-80
70.3	1.42826420015151e-81
70.4	1.79353209265319e-82
70.5	2.18118811660064e-83
70.6	2.56727792625409e-84
70.7	2.92249244870327e-85
70.8	3.21537704103492e-86
70.9	3.41662816956917e-87
71.0	3.50374052807365e-88
71.1	3.46503170315688e-89
71.2	3.30207902862197e-90
71.3	3.02989512414451e-91
71.4	2.67468854969415e-92
71.5	2.2696575341848e-93
71.6	1.84975845289834e-94
71.7	1.44661553304219e-95
71.8	1.08462572047369e-96
71.9	7.78914282569569e-98
72.0	5.35260815030758e-99
72.1	3.51624066128172e-100
72.2	2.20591287919711e-101
72.3	1.32020546549105e-102
72.4	7.52960113919683e-104
72.5	4.08789944281711e-105
72.6	2.11024519706885e-106
72.7	1.0345762795951e-107
72.8	4.81134601570615e-109
72.9	2.11986117664343e-110
73.0	8.83754063596661e-112
73.1	3.48151754557213e-113
73.2	1.29429087434268e-114
73.3	4.53436705036222e-116
73.4	1.49485826846446e-117
73.5	4.63062988494056e-119
73.6	1.34578395624616e-120
73.7	3.66373464018552e-122
73.8	9.32788358642106e-124
73.9	2.21731718437131e-125
74.0	4.91259046818392e-127
74.1	1.01265190628658e-128
74.2	1.93856811040579e-130
74.3	3.43995017834207e-132
74.4	5.64710680919895e-134
74.5	8.55909289406113e-136
74.6	1.19523691122323e-137
74.7	1.53451728235744e-139
74.8	1.80724621238268e-141
74.9	1.94802630230357e-143
75.0	1.9172341766954e-145
75.1	1.71867836318973e-147
75.2	1.39975926026826e-149
75.3	1.03303262233624e-151
75.4	6.88969890521281e-154
75.5	4.1409008703474e-156
75.6	2.23634224599637e-158
75.7	1.08199887425911e-160
75.8	4.67531259623683e-163
75.9	1.7984234799477e-165
76.0	6.13794230372596e-168
76.1	1.85226430441916e-170
76.2	4.92467607361401e-173
76.3	1.14930481811146e-175
76.4	2.34533264508463e-178
76.5	4.16823337759712e-181
76.6	6.42509775538879e-184
76.7	8.55305980077106e-187
76.8	9.78904451450407e-190
76.9	9.58793057315931e-193
77.0	7.99809105849392e-196
77.1	5.65398329252871e-199
77.2	3.36956729459758e-202
77.3	1.68383979685968e-205
77.4	7.01611359963486e-209
77.5	2.42340469780939e-212
77.6	6.8968438877967e-216
77.7	1.60702970268383e-219
77.8	3.04570199603349e-223
77.9	4.66297638817291e-227
78.0	5.72596978680052e-231
78.1	5.5977273968802e-235
78.2	4.32295333602414e-239
78.3	2.61601391888448e-243
78.4	1.23004972168915e-247
78.5	4.45451740824167e-252
78.6	1.23105562540669e-256
78.7	2.57145988686752e-261
78.8	4.01925686964429e-266
78.9	4.65175942419935e-271
79.0	3.9430075335196e-276
79.1	2.41986198706513e-281
79.2	1.06239999909352e-286
79.3	3.29501100887048e-292
79.4	7.12483789562425e-298
79.5	1.05936741661139e-303
79.6	1.06746948065606e-309
79.7	0.0
79.8	0.0
79.9	0.0
80.0	0.0
80.1	0.0
80.2	0.0
80.3	0.0
80.4	0.0
80.5	0.0
80.6	0.0
80.7	0.0
80.8	0.0
80.9	0.0
81.0	0.0
81.1	0.0
81.2	0.0
81.3	0.0
81.4	0.0
81.5	0.0
81.6	0.0
81.7	0.0
81.8	0.0
81.9	0.0
82.0	0.0
82.1	0.0
82.2	0.0
82.3	0.0
82.4	0.0
82.5	0.0
82.6	0.0
82.7	0.0
82.8	0.0
82.9	0.0
83.0	0.0
83.1	0.0
83.2	0.0
83.3	0.0
83.4	0.0
83.5	0.0
83.6	0.0
83.7	0.0
83.8	0.0
83.9	0.0
84.0	0.0
84.1	0.0
84.2	0.0
84.3	0.0
84.4	0.0
84.5	0.0
84.6	0.0
84.7	0.0
84.8	0.0
84.9	0.0
85.0	0.0
85.1	0.0
85.2	0.0
85.3	0.0
85.4	0.0
85.5	0.0
85.6	0.0
85.7	0.0
85.8	0.0
85.9	0.0
86.0	0.0
86.1	0.0
86.2	0.0
86.3	0.0
86.4	0.0
86.5	0.0
86.6	0.0
86.7	0.0
86.8	0.0
86.9	0.0
87.0	0.0
87.1	0.0
87.2	0.0
87.3	0.0
87.4	0.0
87.5	0.0
87.6	0.0
87.7	0.0
87.8	0.0
87.9	0.0
88.0	0.0
88.1	0.0
88.2	0.0
88.3	0.0
88.4	0.0
88.5	0.0
88.6	0.0
88.7	0.0
88.8	0.0
88.9	0.0
89.0	0.0
89.1	0.0
89.2	0.0
89.3	0.0
89.4	0.0
89.5	0.0
89.6	0.0
89.7	0.0
89.8	0.0
89.9	0.0
90.0	0.0
